0. (35,35)
1. (35,463)
2. (35,515)
3. (35,547)
4. (35,579)
5. (35,1033)
6. (67,67)
7. (67,431)
8. (67,515)
9. (67,547)
10. (67,579)
11. (67,1001)
12. (99,431)
13. (99,463)
14. (171,515)
15. (171,547)
16. (171,579)
17. (203,35)
18. (203,67)
19. (203,399)
20. (203,431)
21. (203,463)
22. (203,515)
23. (203,579)
24. (203,969)
25. (203,1001)
26. (235,35)
27. (235,67)
28. (235,399)
29. (235,579)
30. (235,969)
31. (235,1033)
32. (267,35)
33. (267,67)
34. (267,399)
35. (267,431)
36. (319,35)
37. (319,99)
38. (319,431)
39. (287,579)
40. (287,611)
41. (319,611)
42. (287,1001)
43. (287,1033)
44. (319,1033)
45. (319,1001)
46. (351,67)
47. (351,99)
48. (351,431)
49. (351,495)
50. (351,547)
51. (351,579)
52. (351,611)
53. (351,1001)
54. (351,1033)
55. (729,1033)
56. (697,1001)
57. (697,969)
58. (729,969)
59. (697,67)
60. (729,67)
61. (697,35)
62. (729,35)
63. (813,35)
64. (845,67)
65. (813,99)
66. (845,99)
67. (813,1001)
68. (813,1033)
69. (845,1033)
70. (845,1001)
71. (1289,1033)
72. (1257,1001)
73. (1289,547)
74. (1257,579)
75. (1225,547)
76. (1225,579)
77. (1289,463)
78. (1257,463)
79. (1257,431)
80. (1289,431)
81. (1257,67)
82. (1289,35)
83. (383,431)
84. (383,463)
85. (383,495)
